%YAML:1.0
extrinsicRotation: !!opencv-matrix
   rows: 3
   cols: 3
   dt: d
   data: [ 1.5087081689421966e-02, -9.9987316451290043e-01,
       5.1024359922114014e-03, 9.9977674414763396e-01,
       1.5160733030654239e-02, 1.4717813544457878e-02,
       -1.4793303473291847e-02, 4.8792479882799021e-03,
       9.9987866819500448e-01 ]
extrinsicTranslation: !!opencv-matrix
   rows: 3
   cols: 1
   dt: d
   data: [ -1.5943309272181735e-02, -6.9280146859510200e-02,
       -3.2146183419019701e-03 ]
